,,,Overall,Overall,Overall,Conference,Conference,Conference,Points Per Game,Points Per Game,SRS,SRS,Polls,Polls,Polls,
Rk,School,Conf,W,L,Pct,W,L,Pct,Off,Def,SRS,SOS,AP Pre,AP High,AP Rank,Notes
1,Clemson,ACC (Atlantic),14,1,.933,8,0,1.000,43.9,13.5,21.04,2.70,1,1,2,
2,Louisville,ACC (Atlantic),8,5,.615,5,3,.625,33.1,33.4,3.09,2.55,,,,
3,Wake Forest,ACC (Atlantic),8,5,.615,4,4,.500,31.8,29.1,3.23,0.00,,19,,
4,Boston College,ACC (Atlantic),6,7,.462,4,4,.500,29.0,32.2,-0.37,1.17,,,,
5,Florida State,ACC (Atlantic),6,7,.462,4,4,.500,27.9,27.8,1.78,2.32,,,,
6,Syracuse,ACC (Atlantic),5,7,.417,2,6,.250,28.3,30.7,-2.79,-0.62,22,21,,
7,North Carolina State,ACC (Atlantic),4,8,.333,1,7,.125,22.1,30.1,-7.82,-0.91,,,,
8,Miami (FL),ACC (Coastal),6,7,.462,4,4,.500,25.7,20.2,1.97,-0.18,,,,
9,Virginia,ACC (Coastal),9,5,.643,6,2,.750,32.1,27.1,6.29,1.50,,18,,
10,Virginia Tech,ACC (Coastal),8,5,.615,5,3,.625,30.8,24.7,3.37,-1.63,,23,,
11,Pitt,ACC (Coastal),8,5,.615,4,4,.500,21.2,22.5,0.60,0.52,,,,
12,North Carolina,ACC (Coastal),7,6,.538,4,4,.500,33.1,23.7,6.38,1.22,,,,
13,Duke,ACC (Coastal),5,7,.417,3,5,.375,25.3,29.2,0.11,2.03,,,,
14,Georgia Tech,ACC (Coastal),3,9,.250,2,6,.250,16.7,32.4,-8.49,2.42,,,,
15,Cincinnati,American (East),11,3,.786,7,1,.875,29.6,20.6,10.87,2.51,,17,21,
16,UCF,American (East),10,3,.769,6,2,.750,43.4,23.0,11.59,-1.87,17,15,24,
17,Temple,American (East),8,5,.615,5,3,.625,26.3,25.9,1.22,-0.09,,,,
18,South Florida,American (East),4,8,.333,2,6,.250,20.8,28.9,-3.26,2.16,,,,
19,East Carolina,American (East),4,8,.333,1,7,.125,26.8,33.7,-9.85,-2.85,,,,
20,Connecticut,American (East),2,10,.167,0,8,.000,18.9,40.5,-14.83,-1.33,,,,
21,Memphis,American (West),12,2,.857,7,1,.875,40.4,26.4,13.66,2.09,,15,17,
22,Navy,American (West),11,2,.846,7,1,.875,37.2,22.3,12.60,0.83,,20,20,
23,SMU,American (West),10,3,.769,6,2,.750,41.8,33.4,9.02,0.64,,15,,
24,Tulane,American (West),7,6,.538,3,5,.375,33.1,26.3,3.98,1.21,,,,
25,Houston,American (West),4,8,.333,2,6,.250,30.7,34.0,-0.41,3.25,,,,
26,Tulsa,American (West),4,8,.333,2,6,.250,26.4,31.3,0.43,5.01,,,,
27,Oklahoma,Big 12,12,2,.857,8,1,.889,42.1,27.3,15.79,4.36,4,4,7,
28,Baylor,Big 12,11,3,.786,8,1,.889,33.6,19.8,12.12,2.62,,8,13,
29,Kansas State,Big 12,8,5,.615,5,4,.556,29.6,21.4,7.02,2.64,,20,,
30,Oklahoma State,Big 12,8,5,.615,5,4,.556,32.5,26.8,7.39,3.46,,21,,
31,Texas,Big 12,8,5,.615,5,4,.556,35.2,27.5,12.18,5.80,10,9,25,
32,Iowa State,Big 12,7,6,.538,5,4,.556,32.2,25.9,7.92,4.53,21,21,,
33,Texas Christian,Big 12,5,7,.417,3,6,.333,30.3,26.4,5.27,3.60,,25,,
34,West Virginia,Big 12,5,7,.417,3,6,.333,20.6,28.8,-2.92,3.16,,,,
35,Texas Tech,Big 12,4,8,.333,2,7,.222,30.5,30.3,-0.65,1.10,,,,
36,Kansas,Big 12,3,9,.250,1,8,.111,23.5,36.1,-5.73,3.19,,,,
37,Ohio State,Big Ten (East),13,1,.929,9,0,1.000,46.9,13.7,27.39,7.32,5,2,3,
38,Penn State,Big Ten (East),11,2,.846,7,2,.778,35.8,16.0,17.34,4.88,15,5,9,
39,Michigan,Big Ten (East),9,4,.692,6,3,.667,31.7,20.7,15.50,7.88,7,7,18,
40,Indiana,Big Ten (East),8,5,.615,5,4,.556,31.8,24.4,5.79,1.49,,24,,
41,Michigan State,Big Ten (East),7,6,.538,4,5,.444,22.4,22.5,6.06,5.60,18,18,,
42,Maryland,Big Ten (East),3,9,.250,1,8,.111,25.3,34.7,-3.18,4.57,,21,,
43,Rutgers,Big Ten (East),2,10,.167,0,9,.000,13.3,36.7,-11.16,4.93,,,,
44,Minnesota,Big Ten (West),11,2,.846,7,2,.778,34.1,22.5,11.73,2.11,,7,10,
45,Wisconsin,Big Ten (West),10,4,.714,7,2,.778,34.1,16.9,17.73,7.73,19,6,11,
46,Iowa,Big Ten (West),10,3,.769,6,3,.667,25.8,14.0,14.60,4.44,20,14,15,
47,Illinois,Big Ten (West),6,7,.462,4,5,.444,26.7,26.2,-0.08,0.61,,,,
48,Nebraska,Big Ten (West),5,7,.417,3,6,.333,28.0,27.8,2.67,4.00,24,24,,
49,Purdue,Big Ten (West),4,8,.333,3,6,.333,25.8,30.6,-0.52,4.15,,,,
50,Northwestern,Big Ten (West),3,9,.250,1,8,.111,16.3,23.6,-3.13,3.46,,,,
51,Florida Atlantic,CUSA (East),11,3,.786,7,1,.875,36.4,22.7,8.28,-2.43,,,,
52,Western Kentucky,CUSA (East),9,4,.692,6,2,.750,25.4,20.1,0.31,-5.08,,,,
53,Marshall,CUSA (East),8,5,.615,6,2,.750,25.8,25.0,-0.54,-2.38,,,,
54,Charlotte,CUSA (East),7,6,.538,5,3,.625,29.8,32.4,-6.88,-5.41,,,,
55,Florida International,CUSA (East),6,7,.462,3,5,.375,26.5,27.2,-8.19,-6.96,,,,
56,Middle Tennessee State,CUSA (East),4,8,.333,3,5,.375,26.3,29.9,-6.11,-2.69,,,,
57,Old Dominion,CUSA (East),1,11,.083,0,8,.000,16.3,29.8,-17.12,-4.20,,,,
58,Louisiana Tech,CUSA (West),10,3,.769,6,2,.750,32.5,21.8,-1.05,-9.51,,,,
59,UAB,CUSA (West),9,5,.643,6,2,.750,23.1,21.6,-4.60,-7.88,,,,
60,Southern Mississippi,CUSA (West),7,6,.538,5,3,.625,26.6,26.2,-2.90,-3.67,,,,
61,North Texas,CUSA (West),4,8,.333,3,5,.375,30.6,32.5,-9.47,-6.30,,,,
62,UTSA,CUSA (West),4,8,.333,3,5,.375,20.3,33.9,-14.08,-5.08,,,,
63,Rice,CUSA (West),3,9,.250,3,5,.375,17.9,25.9,-10.46,-3.21,,,,
64,UTEP,CUSA (West),1,11,.083,0,8,.000,19.6,35.9,-23.10,-8.52,,,,
65,Liberty,Ind,8,5,.615,,,,32.8,28.1,-5.70,-8.54,,,,
66,New Mexico State,Ind,2,10,.167,,,,21.7,41.0,-16.86,-3.78,,,,
67,Massachusetts,Ind,1,11,.083,,,,19.8,52.7,-29.95,-8.87,,,,
68,Notre Dame,Ind,11,2,.846,,,,36.8,17.9,17.22,3.30,9,7,12,
69,BYU,Ind,7,6,.538,,,,28.5,25.5,0.85,-1.23,,,,
70,Army,Ind,5,8,.385,,,,28.5,23.0,-4.23,-4.70,,,,
71,Miami (OH),MAC (East),8,6,.571,6,2,.750,24.1,28.1,-3.03,-1.67,,,,
72,Buffalo,MAC (East),8,5,.615,5,3,.625,31.5,21.3,1.44,-6.49,,,,
73,Kent State,MAC (East),7,6,.538,5,3,.625,29.2,31.8,-4.19,-3.73,,,,
74,Ohio,MAC (East),7,6,.538,5,3,.625,34.3,26.5,-2.70,-6.32,,,,
75,Bowling Green,MAC (East),3,9,.250,2,6,.250,16.0,38.6,-16.08,-3.66,,,,
76,Akron,MAC (East),0,12,.000,0,8,.000,10.5,36.3,-26.64,-7.06,,,,
77,Central Michigan,MAC (West),8,6,.571,6,2,.750,30.4,28.3,-2.98,-6.41,,,,
78,Western Michigan,MAC (West),7,6,.538,5,3,.625,33.1,25.9,-1.77,-5.85,,,,
79,Ball State,MAC (West),5,7,.417,4,4,.500,34.8,31.4,-3.51,-4.43,,,,
80,Northern Illinois,MAC (West),5,7,.417,4,4,.500,22.8,28.2,-10.01,-5.68,,,,
81,Toledo,MAC (West),6,6,.500,3,5,.375,27.3,32.2,-8.76,-5.26,,,,
82,Eastern Michigan,MAC (West),6,7,.462,3,5,.375,29.2,30.6,-7.50,-5.81,,,,
83,Boise State,MWC (Mountain),12,2,.857,8,0,1.000,34.7,21.9,8.94,-2.28,,14,23,
84,Air Force,MWC (Mountain),11,2,.846,7,1,.875,34.1,19.8,10.47,-2.22,,22,22,
85,Utah State,MWC (Mountain),7,6,.538,6,2,.750,29.2,30.7,-1.93,-0.31,,,,
86,Wyoming,MWC (Mountain),8,5,.615,4,4,.500,25.4,17.8,1.33,-4.28,,,,
87,Colorado State,MWC (Mountain),4,8,.333,3,5,.375,28.1,31.2,-6.84,-3.59,,,,
88,New Mexico,MWC (Mountain),2,10,.167,0,8,.000,22.3,37.2,-13.70,-2.20,,,,
89,San Diego State,MWC (West),10,3,.769,5,3,.625,21.2,12.7,1.69,-5.85,,24,,
90,Hawaii,MWC (West),10,5,.667,5,3,.625,33.9,31.9,0.19,-1.75,,,,
91,Nevada,MWC (West),7,6,.538,4,4,.500,21.3,31.9,-8.64,-4.80,,,,
92,San Jose State,MWC (West),5,7,.417,2,6,.250,30.1,31.9,-6.08,-3.83,,,,
93,Fresno State,MWC (West),4,8,.333,2,6,.250,30.0,30.1,-4.53,-3.12,,,,
94,Nevada-Las Vegas,MWC (West),4,8,.333,2,6,.250,24.2,33.0,-11.55,-3.97,,,,
95,Oregon,Pac-12 (North),12,2,.857,8,1,.889,35.4,16.5,17.02,3.60,11,5,5,
96,California,Pac-12 (North),8,5,.615,4,5,.444,21.2,21.9,3.39,2.69,,15,,
97,Washington,Pac-12 (North),8,5,.615,4,5,.444,32.0,19.4,12.38,2.68,13,13,,
98,Oregon State,Pac-12 (North),5,7,.417,4,5,.444,31.2,32.5,2.01,3.18,,,,
99,Washington State,Pac-12 (North),6,7,.462,3,6,.333,37.8,31.4,3.86,2.01,23,19,,
100,Stanford,Pac-12 (North),4,8,.333,3,6,.333,21.7,29.8,-2.38,5.70,25,23,,
101,Utah,Pac-12 (South),11,3,.786,8,1,.889,32.3,15.0,14.86,2.29,14,5,16,
102,USC,Pac-12 (South),8,5,.615,7,2,.778,32.5,29.4,8.87,5.64,,21,,
103,Arizona State,Pac-12 (South),8,5,.615,4,5,.444,24.8,22.4,4.72,2.34,,17,,
104,UCLA,Pac-12 (South),4,8,.333,4,5,.444,26.7,34.8,-0.55,4.95,,,,
105,Colorado,Pac-12 (South),5,7,.417,3,6,.333,23.5,31.8,-0.02,5.07,,,,
106,Arizona,Pac-12 (South),4,8,.333,2,7,.222,26.9,35.8,-4.25,3.17,,,,
107,Georgia,SEC (East),12,2,.857,7,1,.875,30.8,12.6,17.64,5.21,3,3,4,
108,Florida,SEC (East),11,2,.846,6,2,.750,33.2,15.5,15.22,2.91,8,6,6,
109,Tennessee,SEC (East),8,5,.615,5,3,.625,24.2,21.7,5.13,2.74,,,,
110,Kentucky,SEC (East),8,5,.615,3,5,.375,27.2,19.3,5.92,0.15,,,,
111,Missouri,SEC (East),6,6,.500,3,5,.375,25.3,19.4,2.88,0.46,,22,,
112,South Carolina,SEC (East),4,8,.333,3,5,.375,22.4,26.1,1.34,7.34,,,,
113,Vanderbilt,SEC (East),3,9,.250,1,7,.125,16.5,31.8,-10.28,2.97,,,,
114,LSU,SEC (West),15,0,1.000,8,0,1.000,48.4,21.9,25.80,6.60,6,1,1,
115,Alabama,SEC (West),11,2,.846,6,2,.750,47.2,18.6,21.11,2.81,2,1,8,
116,Auburn,SEC (West),9,4,.692,5,3,.625,33.2,19.5,16.26,7.72,16,7,14,
117,Texas A&M,SEC (West),8,5,.615,4,4,.500,29.5,22.5,10.02,5.09,12,12,,
118,Mississippi State,SEC (West),6,7,.462,3,5,.375,27.6,28.8,4.87,5.95,,,,
119,Ole Miss,SEC (West),4,8,.333,2,6,.250,26.6,26.5,2.24,3.82,,,,
120,Arkansas,SEC (West),2,10,.167,0,8,.000,21.4,36.8,-6.58,4.84,,,,
121,Appalachian State,Sun Belt (East),13,1,.929,7,1,.875,38.8,20.0,11.49,-3.80,,19,19,
122,Georgia Southern,Sun Belt (East),7,6,.538,5,3,.625,28.2,28.2,-0.07,-1.61,,,,
123,Georgia State,Sun Belt (East),7,6,.538,4,4,.500,31.2,36.2,-6.61,-3.84,,,,
124,Troy,Sun Belt (East),5,7,.417,3,5,.375,33.8,34.8,-5.01,-5.42,,,,
125,Coastal Carolina,Sun Belt (East),5,7,.417,2,6,.250,30.3,30.5,-7.02,-6.02,,,,
126,Louisiana,Sun Belt (West),11,3,.786,7,1,.875,37.9,19.7,8.68,-3.25,,,,
127,Arkansas State,Sun Belt (West),8,5,.615,5,3,.625,33.7,34.2,-1.78,-3.93,,,,
128,Louisiana-Monroe,Sun Belt (West),5,7,.417,4,4,.500,31.6,38.7,-4.92,-1.26,,,,
129,Texas State,Sun Belt (West),3,9,.250,2,6,.250,18.4,32.6,-12.38,-1.29,,,,
130,South Alabama,Sun Belt (West),2,10,.167,1,7,.125,18.4,30.7,-12.28,-1.44,,,,