,,Overall,Overall,Overall,Overall,Overall,Overall,,Conf.,Conf.,,Home,Home,,Away,Away,,Points,Points,,Totals,Totals,Totals,Totals,Totals,Totals,Totals,Totals,Totals,Totals,Totals,Totals,Totals,Totals,Totals,Totals,Totals
Rk,School,G,W,L,W-L%,SRS,SOS,,W,L,,W,L,,W,L,,Tm.,Opp.,,MP,FG,FGA,FG%,3P,3PA,3P%,FT,FTA,FT%,ORB,TRB,AST,STL,BLK,TOV,PF
1,Abilene Christian,31,20,11,.645,-2.87,-6.87,,15,5,,13,3,,7,8,,2352,2024,,1260,814,1813,.449,209,676,.309,515,695,.741,337,1042,461,293,81,436,661
2,Air Force,32,12,20,.375,-0.37,3.02,,5,13,,8,7,,3,9,,2338,2386,,1280,802,1759,.456,275,734,.375,459,628,.731,237,1040,469,161,43,395,534
3,Akron,31,24,7,.774,7.15,-0.40,,14,4,,15,2,,8,4,,2348,2062,,1240,788,1789,.440,287,795,.361,485,628,.772,302,1169,405,158,91,397,548
4,Alabama,31,16,15,.516,11.12,8.12,,8,10,,10,5,,4,8,,2542,2449,,1260,854,1956,.437,334,957,.349,500,721,.693,361,1220,441,196,136,461,622
5,Alabama A&M,30,8,22,.267,-18.88,-8.85,,5,13,,6,5,,2,16,,1845,2146,,1205,656,1727,.380,154,548,.281,379,565,.671,286,1035,326,174,63,391,538
6,Alabama State,32,8,24,.250,-16.15,-6.53,,7,11,,4,5,,2,16,,1965,2273,,1280,683,1763,.387,208,687,.303,391,629,.622,295,1031,325,200,70,512,638
7,Albany (NY),32,14,18,.438,-8.78,-5.91,,7,9,,7,7,,5,11,,2127,2190,,1285,725,1768,.410,255,774,.329,422,600,.703,259,1096,409,179,90,436,533
8,Alcorn State,30,15,15,.500,-14.64,-9.64,,11,7,,11,2,,4,13,,2251,2196,,1210,784,1836,.427,268,733,.366,415,558,.744,330,1116,404,239,98,433,549
9,American,30,16,14,.533,-4.37,-6.50,,12,6,,10,4,,6,10,,2149,2085,,1205,796,1743,.457,206,606,.340,351,499,.703,267,978,384,240,106,369,521
10,Appalachian State,33,18,15,.545,-0.81,-0.01,,11,9,,10,5,,7,9,,2256,2222,,1325,775,1800,.431,212,699,.303,494,741,.667,323,1153,381,246,74,440,514
11,Arizona,32,21,11,.656,19.49,8.40,,10,8,,13,4,,4,6,,2445,2090,,1290,850,1905,.446,233,661,.352,512,699,.732,349,1198,492,216,119,378,593
12,Arizona State,31,20,11,.645,11.46,8.10,,11,7,,13,3,,6,5,,2288,2184,,1240,816,1904,.429,227,703,.323,429,617,.695,312,1115,345,249,104,408,577
13,Arkansas,32,20,12,.625,13.46,7.27,,7,11,,14,4,,4,8,,2426,2228,,1300,808,1825,.443,243,728,.334,567,776,.731,239,1010,381,253,124,369,638
14,Arkansas State,32,16,16,.500,-2.92,-0.72,,8,12,,10,7,,6,9,,2262,2301,,1290,750,1718,.437,184,545,.338,578,814,.710,316,1054,442,220,85,415,655
15,Arkansas-Pine Bluff,30,4,26,.133,-21.65,-6.41,,3,15,,2,8,,2,18,,1615,2049,,1205,588,1483,.396,113,429,.263,326,554,.588,267,940,288,216,97,531,617
16,Army,30,15,15,.500,-9.10,-6.68,,10,8,,9,6,,6,9,,2128,2161,,1210,821,1742,.471,215,645,.333,271,441,.615,201,1016,487,167,49,354,444
17,Auburn,31,25,6,.806,15.04,7.39,,12,6,,16,1,,5,5,,2419,2182,,1270,808,1868,.433,252,824,.306,551,818,.674,421,1266,397,199,151,399,596
18,Austin Peay,33,21,12,.636,-0.98,-4.14,,14,4,,14,0,,5,10,,2519,2359,,1325,892,1943,.459,223,644,.346,512,715,.716,390,1189,434,218,100,423,604
19,Ball State,31,18,13,.581,4.12,-1.65,,11,7,,11,4,,5,7,,2155,1938,,1240,749,1754,.427,283,842,.336,374,540,.693,272,1119,417,206,105,413,496
20,Baylor,30,26,4,.867,20.13,9.13,,15,3,,14,1,,8,2,,2134,1804,,1205,763,1778,.429,230,656,.351,378,548,.690,387,1106,413,244,132,357,509
21,Belmont,33,26,7,.788,4.30,-6.23,,15,3,,13,1,,11,5,,2627,2241,,1320,986,2074,.475,320,908,.352,335,470,.713,290,1232,604,249,106,392,497
22,Bethune-Cookman,30,16,14,.533,-10.16,-8.98,,10,6,,10,1,,4,13,,2239,2167,,1215,782,1842,.425,184,576,.319,491,701,.700,354,1175,362,217,89,465,591
23,Binghamton,29,10,19,.345,-15.03,-4.62,,4,12,,7,7,,3,12,,2014,2221,,1165,717,1750,.410,278,839,.331,302,417,.724,278,1013,339,151,88,358,479
24,Boise State,32,20,12,.625,8.59,4.39,,11,7,,13,2,,4,8,,2430,2223,,1305,829,1853,.447,269,781,.344,503,670,.751,285,1113,416,182,46,399,551
25,Boston College,32,13,19,.406,1.82,7.86,,7,13,,8,10,,4,8,,2067,2260,,1285,742,1844,.402,230,747,.308,353,536,.659,301,1058,403,245,82,439,506
26,Boston University,34,21,13,.618,-1.87,-5.30,,12,6,,12,3,,9,8,,2410,2269,,1375,919,1998,.460,224,687,.326,348,540,.644,343,1228,430,187,77,384,513
27,Bowling Green State,31,21,10,.677,0.47,0.20,,12,6,,13,2,,5,5,,2310,2259,,1250,822,1968,.418,242,717,.338,424,564,.752,349,1238,380,169,71,343,545
28,Bradley,34,23,11,.676,5.33,0.33,,11,7,,15,2,,4,8,,2438,2240,,1370,872,1976,.441,230,618,.372,464,631,.735,377,1310,457,163,138,400,562
29,Brigham Young,32,24,8,.750,16.93,6.45,,13,3,,14,1,,6,5,,2548,2188,,1295,949,1897,.500,332,785,.423,318,454,.700,209,1061,554,186,67,353,513
30,Brown,27,15,12,.556,-4.45,-1.72,,8,6,,10,4,,5,8,,1809,1854,,1080,626,1576,.397,183,600,.305,374,512,.730,332,1033,304,179,118,405,451
31,Bryant,32,15,17,.469,-6.70,-6.67,,7,11,,9,5,,6,12,,2271,2223,,1285,802,1932,.415,269,837,.321,398,588,.677,389,1289,441,207,140,460,588
32,Bucknell,34,14,20,.412,-7.73,-4.32,,8,10,,9,4,,4,14,,2299,2415,,1360,820,1945,.422,279,813,.343,380,553,.687,286,1101,410,243,117,451,632
33,Buffalo,32,20,12,.625,1.80,0.06,,11,7,,10,7,,7,4,,2516,2425,,1290,927,2139,.433,261,809,.323,401,598,.671,463,1343,473,249,147,437,600
34,Butler,31,22,9,.710,15.56,9.14,,10,8,,14,3,,5,6,,2125,1926,,1245,776,1687,.460,212,621,.341,361,496,.728,280,1079,395,165,82,349,519
35,Cal Poly,30,7,23,.233,-10.00,-0.42,,4,12,,7,6,,0,15,,2027,2248,,1235,710,1685,.421,200,573,.349,407,587,.693,244,977,312,192,74,409,629
36,Cal State Bakersfield,31,12,19,.387,-7.11,-3.26,,6,10,,9,7,,3,12,,2109,2097,,1265,785,1803,.435,154,491,.314,385,563,.684,398,1155,363,194,94,422,662
37,Cal State Fullerton,31,11,20,.355,-6.79,-1.38,,6,10,,6,8,,4,11,,2127,2213,,1265,750,1735,.432,194,586,.331,433,644,.672,250,1040,358,158,93,406,574
38,Cal State Northridge,32,15,17,.469,-6.37,-0.97,,10,6,,10,4,,5,12,,2435,2528,,1280,877,1925,.456,243,652,.373,438,603,.726,290,1068,449,181,101,363,554
39,California,32,14,18,.438,3.20,9.05,,7,11,,12,5,,1,10,,2023,2210,,1295,708,1681,.421,160,477,.335,447,606,.738,258,1044,294,129,80,409,601
40,California Baptist,31,21,10,.677,-1.99,-6.66,,10,6,,15,5,,6,5,,2465,2170,,1255,826,1868,.442,306,806,.380,507,645,.786,360,1270,445,129,108,396,571
41,Campbell,31,15,16,.484,-8.51,-8.10,,6,12,,8,5,,6,10,,2130,2065,,1245,781,1700,.459,247,706,.350,321,439,.731,217,949,462,223,91,398,545
42,Canisius,32,12,20,.375,-7.60,-5.44,,7,13,,7,6,,4,12,,2196,2265,,1280,806,1861,.433,193,639,.302,391,562,.696,328,1071,452,227,80,458,603
43,Central Arkansas,31,10,21,.323,-11.26,-2.70,,9,11,,8,4,,2,16,,2316,2553,,1270,777,1842,.422,231,745,.310,531,741,.717,329,1186,451,164,159,549,637
44,Central Connecticut State,31,4,27,.129,-20.33,-4.63,,3,15,,4,9,,0,16,,1959,2396,,1240,705,1772,.398,200,560,.357,349,516,.676,263,989,313,199,105,440,581
45,Central Michigan,32,14,18,.438,-3.40,-0.26,,7,11,,12,4,,2,14,,2506,2454,,1285,876,2037,.430,247,763,.324,507,680,.746,349,1153,371,292,80,406,522
46,Charleston Southern,32,14,18,.438,-13.14,-6.98,,7,11,,9,6,,5,11,,2203,2304,,1295,792,1856,.427,258,795,.325,361,487,.741,260,1029,424,190,82,404,493
47,Charlotte,29,16,13,.552,0.46,-1.09,,10,8,,13,2,,3,11,,1922,1877,,1175,671,1480,.453,185,544,.340,395,562,.703,188,904,351,221,99,402,443
48,Chattanooga,33,20,13,.606,0.39,-1.90,,10,8,,10,4,,7,8,,2410,2261,,1325,868,1907,.455,281,787,.357,393,552,.712,301,1162,456,158,49,395,506
49,Chicago State,29,4,25,.138,-28.20,-2.85,,0,14,,3,11,,1,12,,1781,2372,,1160,596,1446,.412,162,507,.320,427,592,.721,207,848,300,144,73,513,593
50,Cincinnati,30,20,10,.667,12.33,6.73,,13,5,,13,2,,5,6,,2182,2014,,1240,763,1713,.445,197,618,.319,459,678,.677,329,1131,437,196,146,432,540
51,Clemson,31,16,15,.516,10.26,7.88,,9,11,,11,6,,3,8,,2062,1988,,1255,735,1717,.428,251,797,.315,341,497,.686,248,1045,401,211,74,386,472
52,Cleveland State,32,11,21,.344,-11.16,-2.45,,7,11,,6,8,,3,13,,2053,2298,,1290,738,1772,.416,120,408,.294,457,688,.664,370,1120,379,246,84,487,648
53,Coastal Carolina,33,16,17,.485,-0.83,-0.31,,8,12,,9,9,,7,7,,2573,2518,,1320,915,2030,.451,242,719,.337,501,700,.716,440,1329,446,248,92,530,727
54,Colgate,34,25,9,.735,1.47,-5.63,,14,4,,15,2,,9,7,,2588,2315,,1365,932,2079,.448,342,957,.357,382,511,.748,341,1246,491,206,98,370,514
55,College of Charleston,31,17,14,.548,0.53,-0.84,,11,7,,10,5,,6,6,,2176,2109,,1240,755,1717,.440,237,683,.347,429,564,.761,238,1006,337,207,78,334,523
56,Colorado,32,21,11,.656,14.91,8.31,,10,8,,13,3,,4,7,,2268,2057,,1290,777,1778,.437,241,687,.351,473,643,.736,322,1179,422,183,98,422,470
57,Colorado State,32,20,12,.625,6.70,3.96,,11,7,,12,4,,5,6,,2417,2307,,1300,841,1793,.469,258,705,.366,475,700,.679,284,1143,497,209,64,418,489
58,Columbia,30,6,24,.200,-10.19,-2.50,,1,13,,5,7,,0,16,,1988,2181,,1215,744,1819,.409,202,671,.301,298,408,.730,228,1031,328,164,93,337,465
59,Connecticut,31,19,12,.613,11.15,5.34,,10,8,,14,3,,3,7,,2258,2078,,1280,782,1862,.420,216,667,.324,478,644,.742,393,1174,400,220,185,439,577
60,Coppin State,31,11,20,.355,-14.36,-8.27,,7,9,,5,5,,6,15,,2109,2298,,1250,736,1872,.393,247,879,.281,390,613,.636,291,1181,315,209,94,445,546
61,Cornell,27,7,20,.259,-8.37,-1.85,,4,10,,6,6,,1,14,,1818,1912,,1095,669,1519,.440,194,597,.325,286,409,.699,226,866,380,182,78,313,460
62,Creighton,31,24,7,.774,17.24,9.61,,13,5,,17,1,,6,5,,2428,2162,,1245,866,1839,.471,302,783,.386,394,533,.739,246,1079,489,203,79,337,472
63,Dartmouth,29,12,17,.414,-4.17,-3.20,,5,9,,6,6,,5,10,,1894,1872,,1170,700,1582,.442,201,629,.320,293,433,.677,195,1015,364,134,74,354,483
64,Davidson,30,16,14,.533,8.85,3.62,,10,8,,11,1,,4,9,,2182,2025,,1230,755,1667,.453,272,741,.367,400,525,.762,239,992,422,164,80,331,482
65,Dayton,31,29,2,.935,19.17,3.69,,18,0,,17,0,,9,0,,2480,2000,,1255,905,1725,.525,249,672,.371,421,585,.720,242,1085,546,176,109,377,529
66,Delaware,33,22,11,.667,-1.53,-3.84,,11,7,,10,3,,7,6,,2452,2332,,1325,881,1833,.481,251,705,.356,439,579,.758,252,1107,431,180,109,423,544
67,Delaware State,32,6,26,.188,-20.87,-9.54,,4,12,,3,11,,2,13,,2350,2655,,1290,824,2004,.411,249,791,.315,453,661,.685,335,1142,334,220,71,488,663
68,Denver,31,7,24,.226,-10.06,-1.99,,3,13,,6,8,,0,14,,2135,2360,,1250,770,1734,.444,162,504,.321,433,628,.689,221,1037,347,182,71,428,627
69,DePaul,32,16,16,.500,7.63,8.95,,3,15,,11,7,,4,9,,2262,2274,,1290,832,1906,.437,181,579,.313,417,634,.658,371,1191,434,257,159,469,611
70,Detroit Mercy,31,8,23,.258,-9.87,-1.90,,6,12,,5,8,,2,14,,2175,2422,,1245,724,1850,.391,263,815,.323,464,593,.782,360,1118,322,179,94,421,520
71,Drake,34,20,14,.588,0.43,0.61,,8,10,,14,2,,2,10,,2359,2302,,1365,854,1864,.458,245,711,.345,406,569,.714,255,1149,507,187,132,438,566
72,Drexel,33,14,19,.424,-5.38,-2.20,,6,12,,10,5,,1,13,,2254,2323,,1325,821,1860,.441,241,690,.349,371,530,.700,344,1162,475,186,93,481,538
73,Duke,31,25,6,.806,22.55,8.00,,15,5,,15,2,,7,4,,2558,2107,,1260,920,1957,.470,217,617,.352,501,696,.720,394,1244,479,258,188,409,557
74,Duquesne,30,21,9,.700,6.77,1.67,,11,7,,10,4,,6,3,,2146,1993,,1215,758,1711,.443,235,738,.318,395,562,.703,300,1038,428,207,161,378,463
75,East Carolina,31,11,20,.355,-2.27,1.82,,5,13,,9,7,,1,11,,2111,2238,,1250,741,1759,.421,162,577,.281,467,647,.722,297,1095,424,202,93,426,642
76,East Tennessee State,34,30,4,.882,7.63,-1.82,,16,2,,16,1,,11,3,,2593,2146,,1360,919,1936,.475,260,752,.346,495,713,.694,370,1206,471,278,121,412,598
77,Eastern Illinois,32,17,15,.531,-5.08,-7.41,,9,9,,10,2,,5,11,,2377,2214,,1290,890,1944,.458,215,629,.342,382,579,.660,342,1169,449,245,141,402,526
78,Eastern Kentucky,33,16,17,.485,-9.17,-4.46,,12,6,,10,4,,5,10,,2464,2488,,1320,857,2084,.411,268,835,.321,482,664,.726,334,1113,397,307,70,461,602
79,Eastern Michigan,32,16,16,.500,-3.12,0.95,,6,12,,11,4,,3,12,,2078,2050,,1280,725,1703,.426,180,643,.280,448,714,.627,313,1085,311,314,105,458,544
80,Eastern Washington,31,23,8,.742,2.01,-1.81,,16,4,,13,2,,10,6,,2509,2259,,1250,913,1986,.460,288,826,.349,395,569,.694,328,1186,544,221,112,398,578
81,Elon,34,13,21,.382,-7.81,-2.03,,7,11,,8,8,,3,12,,2337,2438,,1365,805,1932,.417,346,952,.363,381,518,.736,282,1108,453,160,64,392,660
82,Evansville,32,9,23,.281,-7.04,0.61,,0,18,,5,10,,3,10,,2149,2368,,1310,746,1769,.422,241,750,.321,416,570,.730,224,1005,392,152,74,406,534
83,Fairfield,32,12,20,.375,-9.65,-4.81,,8,12,,5,8,,6,9,,1857,2012,,1300,651,1669,.390,138,486,.284,417,600,.695,327,1099,276,164,88,440,524
84,FDU,30,11,19,.367,-9.94,-5.87,,9,9,,7,5,,4,14,,2167,2236,,1210,787,1740,.452,222,622,.357,371,513,.723,273,1007,356,191,99,389,489
85,Florida,31,19,12,.613,14.94,9.10,,11,7,,11,4,,4,7,,2228,2047,,1250,791,1729,.457,221,636,.347,425,588,.723,313,1080,368,178,121,369,528
86,Florida A&M,27,12,15,.444,-12.17,-6.24,,10,6,,8,0,,4,13,,1824,1984,,1105,664,1582,.420,107,377,.284,389,613,.635,323,944,272,202,51,415,519
87,Florida Atlantic,32,17,15,.531,-1.66,-1.25,,8,10,,14,3,,2,12,,2275,2222,,1295,822,1928,.426,266,813,.327,365,519,.703,341,1169,391,234,66,427,542
88,Florida Gulf Coast,32,10,22,.313,-10.26,-4.30,,7,9,,6,10,,4,12,,1979,2122,,1295,731,1782,.410,233,741,.314,284,412,.689,314,1095,408,195,140,495,508
89,Florida International,32,19,13,.594,0.90,-1.00,,9,9,,11,3,,6,9,,2455,2319,,1285,898,1968,.456,286,819,.349,373,574,.650,347,1141,469,280,206,482,553
90,Florida State,31,26,5,.839,17.28,7.64,,16,4,,16,0,,7,5,,2336,2037,,1250,844,1848,.457,230,655,.351,418,557,.750,350,1099,409,273,162,410,542
91,Fordham,31,9,22,.290,-3.58,-0.45,,2,16,,6,12,,1,8,,1816,1913,,1255,646,1683,.384,223,702,.318,301,455,.662,236,1021,351,219,80,385,535
92,Fresno State,30,11,19,.367,2.08,3.39,,7,11,,7,7,,4,10,,2075,2068,,1225,713,1704,.418,284,835,.340,365,519,.703,329,1112,372,147,113,383,496
93,Furman,32,25,7,.781,6.79,-1.55,,15,3,,14,1,,10,5,,2457,2123,,1290,881,1857,.474,302,859,.352,393,561,.701,249,1010,475,264,90,366,495
94,Gardner-Webb,32,16,16,.500,-5.56,-5.83,,11,7,,7,5,,6,10,,2318,2272,,1315,810,1809,.448,254,706,.360,444,640,.694,299,1118,438,201,150,399,520
95,George Mason,32,17,15,.531,0.86,1.48,,5,13,,10,7,,3,8,,2148,2168,,1285,765,1805,.424,189,622,.304,429,621,.691,380,1192,349,194,149,435,537
96,George Washington,32,12,20,.375,-3.99,0.92,,6,12,,7,9,,3,9,,2086,2243,,1300,728,1726,.422,235,733,.321,395,566,.698,249,1057,380,172,130,420,532
97,Georgetown,32,15,17,.469,10.38,9.60,,5,13,,10,8,,4,7,,2389,2364,,1280,840,1921,.437,206,595,.346,503,652,.771,375,1222,479,200,130,433,511
98,Georgia,32,16,16,.500,8.28,8.06,,5,13,,12,5,,3,9,,2428,2418,,1300,875,1941,.451,223,743,.300,455,648,.702,376,1208,431,228,104,471,604
99,Georgia Southern,33,20,13,.606,1.69,-0.83,,12,8,,11,4,,8,8,,2494,2332,,1320,874,1979,.442,260,792,.328,486,721,.674,325,1175,407,260,127,428,542
100,Georgia State,32,19,13,.594,3.09,0.13,,12,8,,12,3,,6,10,,2499,2311,,1290,879,2005,.438,278,767,.362,463,626,.740,371,1179,467,251,135,452,684
101,Georgia Tech,31,17,14,.548,10.49,9.19,,11,9,,10,6,,6,7,,2126,2059,,1250,781,1727,.452,161,516,.312,403,595,.677,299,1121,425,220,142,502,591
102,Gonzaga,33,31,2,.939,22.70,3.13,,15,1,,17,0,,10,1,,2885,2239,,1325,1048,2035,.515,246,637,.386,543,789,.688,375,1324,550,243,127,368,484
103,Grambling,32,17,15,.531,-12.39,-9.79,,11,7,,11,2,,6,12,,2280,2188,,1280,832,1837,.453,155,506,.306,461,676,.682,329,1145,412,239,128,456,589
104,Grand Canyon,30,13,17,.433,-6.32,-4.05,,8,8,,8,8,,4,6,,2116,2191,,1210,740,1641,.451,180,541,.333,456,611,.746,224,976,355,144,39,344,485
105,Green Bay,33,17,16,.515,-4.80,-2.80,,11,7,,10,5,,7,10,,2694,2643,,1335,968,2109,.459,252,683,.369,506,669,.756,325,1200,534,228,102,411,634
106,Hampton,34,15,19,.441,-12.02,-5.80,,8,10,,11,5,,3,13,,2635,2693,,1370,924,2025,.456,213,641,.332,574,821,.699,347,1248,497,171,128,397,650
107,Hartford,33,18,15,.545,-6.79,-6.02,,9,7,,9,8,,9,7,,2201,2203,,1325,773,1850,.418,253,742,.341,402,572,.703,264,1121,428,241,78,444,575
108,Harvard,29,21,8,.724,3.06,-1.55,,10,4,,11,1,,9,4,,2114,1928,,1180,763,1680,.454,209,635,.329,379,541,.701,305,1110,343,187,153,403,505
109,Hawaii,30,17,13,.567,-1.27,-2.10,,8,8,,14,6,,3,7,,2057,2016,,1205,731,1715,.426,215,652,.330,380,540,.704,287,1009,403,164,63,392,527
110,High Point,32,9,23,.281,-16.31,-5.34,,6,12,,6,9,,3,14,,2110,2396,,1290,711,1751,.406,198,619,.320,490,701,.699,360,1108,391,164,114,459,590
111,Hofstra,34,26,8,.765,3.06,-3.85,,14,4,,10,4,,11,4,,2596,2326,,1360,895,1991,.450,282,753,.375,524,669,.783,352,1184,419,235,73,383,482
112,Holy Cross,32,3,29,.094,-18.07,-4.26,,2,16,,2,12,,0,16,,2106,2537,,1295,789,1829,.431,219,689,.318,309,461,.670,280,1033,371,156,88,458,569
113,Houston,31,23,8,.742,16.46,6.30,,13,5,,14,2,,6,6,,2241,1926,,1245,788,1868,.422,216,641,.337,449,615,.730,447,1286,400,161,151,369,608
114,Houston Christian,29,4,25,.138,-17.41,-3.62,,4,16,,2,9,,2,15,,2323,2723,,1165,798,1800,.443,216,594,.364,511,684,.747,353,1046,370,164,64,487,586
115,Howard,33,4,29,.121,-21.88,-7.98,,1,15,,2,13,,1,14,,2306,2682,,1335,808,1922,.420,247,718,.344,443,637,.695,320,1088,443,180,119,486,609
116,Idaho,32,8,24,.250,-12.07,-2.10,,4,16,,5,10,,2,12,,2086,2329,,1285,784,1780,.440,156,463,.337,362,536,.675,261,1082,384,177,71,451,554
117,Idaho State,30,8,22,.267,-8.62,-1.62,,4,16,,4,9,,3,13,,2093,2198,,1215,760,1664,.457,192,551,.348,381,581,.656,291,985,350,137,73,405,458
118,Illinois,31,21,10,.677,15.27,9.84,,13,7,,15,3,,6,6,,2239,2024,,1245,811,1831,.443,175,566,.309,442,607,.728,393,1224,411,151,89,375,497
119,Illinois State,31,10,21,.323,-2.70,1.97,,5,13,,9,6,,1,11,,2050,2171,,1245,740,1745,.424,258,726,.355,312,439,.711,275,1037,373,179,77,446,529
120,Illinois-Chicago,35,18,17,.514,-3.74,-3.80,,10,8,,11,7,,5,9,,2412,2407,,1405,880,1984,.444,252,747,.337,400,584,.685,333,1310,494,201,152,549,682
121,Incarnate Word,31,9,22,.290,-18.57,-6.85,,6,14,,7,9,,2,13,,2050,2292,,1260,726,1741,.417,187,623,.300,411,558,.737,298,1000,382,224,80,474,585
122,Indiana,32,20,12,.625,15.07,10.35,,9,11,,15,4,,2,8,,2286,2135,,1285,812,1825,.445,176,540,.326,486,716,.679,361,1210,414,179,140,403,549
123,Indiana State,30,18,12,.600,3.22,1.81,,11,7,,12,1,,4,8,,2052,2004,,1205,731,1617,.452,209,555,.377,381,532,.716,227,957,377,165,102,343,509
124,Iona,29,12,17,.414,-6.23,-5.37,,9,11,,5,6,,4,9,,2030,2055,,1175,697,1586,.439,224,673,.333,412,535,.770,231,971,382,199,108,413,540
125,Iowa,31,20,11,.645,16.07,10.62,,11,9,,14,2,,4,7,,2410,2241,,1240,842,1868,.451,244,703,.347,482,643,.750,356,1162,538,191,120,375,496
126,Iowa State,32,12,20,.375,9.10,10.07,,5,13,,11,6,,0,11,,2304,2335,,1285,836,1905,.439,227,718,.316,405,543,.746,327,1097,443,238,135,425,517
127,IU Indy,32,7,25,.219,-14.89,-3.39,,3,15,,4,9,,3,14,,2256,2564,,1290,803,1945,.413,254,753,.337,396,614,.645,363,1140,431,207,79,445,571
128,Jackson State,32,15,17,.469,-10.91,-8.61,,11,7,,9,3,,6,14,,2153,2157,,1280,787,1855,.424,143,541,.264,436,649,.672,298,1036,362,260,117,410,627
129,Jacksonville,32,14,18,.438,-6.50,-5.63,,7,9,,6,7,,7,9,,2139,2133,,1295,778,1813,.429,205,643,.319,378,564,.670,327,1217,356,161,91,440,498
130,Jacksonville State,32,13,19,.406,-8.29,-6.36,,8,10,,8,6,,4,11,,2294,2218,,1285,844,1893,.446,226,680,.332,380,550,.691,354,1165,439,202,82,452,505
131,James Madison,30,9,21,.300,-9.23,-2.78,,2,16,,6,9,,3,11,,2157,2296,,1200,750,1787,.420,231,721,.320,426,652,.653,303,1128,368,187,87,373,523
132,Kansas,31,28,3,.903,24.96,11.63,,17,1,,14,1,,11,1,,2312,1882,,1245,851,1758,.484,199,578,.344,411,616,.667,333,1196,432,237,145,396,454
133,Kansas City,30,16,14,.533,-6.07,-3.62,,8,7,,9,4,,5,8,,2094,1976,,1225,771,1684,.458,214,596,.359,338,494,.684,261,936,396,242,94,390,640
134,Kansas State,32,11,21,.344,8.70,9.48,,3,15,,9,7,,1,10,,2054,2079,,1285,721,1742,.414,213,681,.313,399,604,.661,331,1050,397,277,78,459,611
135,Kennesaw State,29,1,28,.034,-22.60,-2.63,,0,16,,1,10,,0,16,,1602,2181,,1160,560,1580,.354,121,488,.248,361,513,.704,280,932,235,146,57,427,489
136,Kent State,32,20,12,.625,3.68,-0.72,,9,9,,14,3,,5,7,,2442,2241,,1300,886,1952,.454,268,791,.339,402,553,.727,345,1157,445,218,132,407,596
137,Kentucky,31,25,6,.806,15.78,7.46,,15,3,,16,2,,8,2,,2307,2049,,1250,795,1723,.461,157,458,.343,560,703,.797,300,1136,415,162,153,387,568
138,La Salle,30,15,15,.500,-0.23,1.71,,6,12,,8,7,,4,8,,2040,2098,,1215,711,1718,.414,240,714,.336,378,568,.665,311,1048,391,241,93,440,586
139,Lafayette,31,19,12,.613,-5.91,-5.94,,10,8,,9,5,,10,7,,2174,2133,,1240,798,1765,.452,265,774,.342,313,422,.742,238,1079,473,147,138,375,442
140,Lamar,32,17,15,.531,-7.24,-6.45,,10,10,,10,5,,6,10,,2312,2227,,1290,831,1903,.437,189,572,.330,461,654,.705,360,1138,427,284,146,467,531
141,Lehigh,32,11,21,.344,-10.93,-3.90,,7,11,,8,6,,3,15,,2184,2339,,1290,826,1846,.447,180,538,.335,352,480,.733,282,1110,404,174,77,442,564
142,Liberty,34,30,4,.882,5.15,-7.26,,13,3,,17,0,,7,4,,2332,1830,,1360,841,1755,.479,260,711,.366,390,547,.713,250,1131,446,192,95,318,456
143,Lipscomb,32,16,16,.500,-7.08,-4.45,,9,7,,9,5,,7,11,,2255,2261,,1285,834,1849,.451,218,640,.341,369,533,.692,299,1129,423,172,83,410,488
144,Little Rock,31,21,10,.677,2.27,-1.07,,15,5,,13,2,,8,8,,2270,2152,,1240,777,1653,.470,188,543,.346,528,744,.710,307,1096,462,214,113,479,577
145,Long Beach State,32,11,21,.344,-8.72,1.08,,6,10,,8,6,,2,13,,2157,2404,,1290,772,1789,.432,187,533,.351,426,609,.700,281,1092,354,189,132,515,565
146,Long Island University,33,15,18,.455,-8.38,-6.16,,9,9,,8,6,,6,11,,2504,2534,,1340,867,1966,.441,312,906,.344,458,641,.715,255,1125,471,223,111,461,562
147,Longwood,32,14,18,.438,-12.45,-9.31,,9,9,,8,6,,6,11,,2148,2195,,1300,720,1781,.404,293,857,.342,415,592,.701,272,1097,349,215,67,437,595
148,Louisiana,33,14,19,.424,-4.60,-0.67,,8,12,,10,6,,3,12,,2416,2514,,1325,825,1972,.418,259,806,.321,507,682,.743,349,1161,378,198,103,464,584
149,Louisiana State,31,21,10,.677,14.43,7.20,,12,6,,15,2,,5,6,,2495,2271,,1250,886,1880,.471,211,645,.327,512,666,.769,375,1230,398,195,121,390,495
150,Louisiana Tech,30,22,8,.733,7.06,-1.48,,13,5,,15,1,,7,7,,2235,1910,,1210,821,1763,.466,251,704,.357,342,512,.668,314,1110,401,222,75,373,508
151,Louisiana-Monroe,29,9,20,.310,-6.50,-0.16,,5,15,,7,8,,2,12,,1831,1956,,1165,653,1556,.420,180,539,.334,345,506,.682,260,979,336,130,96,394,488
152,Louisville,31,24,7,.774,17.94,7.55,,15,5,,17,1,,6,5,,2296,1974,,1250,810,1787,.453,255,679,.376,421,576,.731,335,1197,433,157,83,376,524
153,Loyola (IL),32,21,11,.656,5.70,0.54,,13,5,,14,2,,5,6,,2198,2007,,1295,803,1616,.497,185,504,.367,407,626,.650,200,963,457,252,51,411,443
154,Loyola (MD),32,15,17,.469,-9.59,-7.23,,7,11,,9,4,,5,13,,2348,2394,,1290,830,1784,.465,212,663,.320,476,747,.637,281,1104,495,216,93,438,564
155,Loyola Marymount,32,11,21,.344,-1.09,3.88,,4,12,,7,9,,2,9,,2057,2168,,1285,751,1616,.465,173,560,.309,382,561,.681,252,960,372,187,67,449,606
156,Maine,31,9,22,.290,-11.88,-3.71,,5,11,,5,7,,3,15,,1904,2109,,1250,689,1693,.407,206,732,.281,320,450,.711,300,1062,428,215,107,466,547
157,Manhattan,31,13,18,.419,-8.42,-6.26,,8,12,,7,6,,5,11,,1924,1991,,1250,676,1708,.396,210,679,.309,362,583,.621,343,1070,392,218,123,432,634
158,Marist,30,7,23,.233,-12.22,-7.08,,6,14,,4,10,,3,12,,1816,1970,,1225,639,1634,.391,223,654,.341,315,486,.648,277,1010,315,204,88,420,553
159,Marquette,30,18,12,.600,15.44,9.30,,8,10,,13,3,,3,8,,2333,2149,,1220,759,1764,.430,301,787,.382,514,692,.743,317,1195,406,154,127,410,572
160,Marshall,32,17,15,.531,1.70,-0.05,,10,8,,10,6,,5,9,,2429,2339,,1285,897,2028,.442,245,783,.313,390,588,.663,347,1240,454,260,190,471,602
161,Maryland,31,24,7,.774,17.82,10.50,,14,6,,16,1,,5,6,,2226,1999,,1240,744,1774,.419,238,765,.311,500,669,.747,348,1184,409,142,134,350,463
162,Maryland-Baltimore County,33,16,17,.485,-8.08,-4.43,,8,8,,11,5,,5,10,,2255,2207,,1325,816,1843,.443,229,723,.317,394,611,.645,297,1136,407,178,79,416,532
163,Maryland-Eastern Shore,32,5,27,.156,-22.03,-6.45,,4,12,,4,6,,1,20,,1841,2278,,1290,676,1869,.362,187,745,.251,302,478,.632,333,1095,354,246,102,475,579
164,Massachusetts,31,14,17,.452,1.12,3.79,,8,10,,11,5,,3,9,,2124,2207,,1250,758,1780,.426,235,715,.329,373,532,.701,278,1006,412,211,99,407,566
165,Massachusetts-Lowell,32,13,19,.406,-8.19,-5.35,,7,9,,8,9,,5,10,,2388,2433,,1295,838,1830,.458,222,655,.339,490,688,.712,301,1087,462,221,83,430,536
166,McNeese State,32,15,17,.469,-9.11,-6.93,,10,10,,10,5,,5,11,,2540,2390,,1290,911,1833,.497,269,675,.399,449,620,.724,321,1153,522,211,124,509,534
167,Memphis,31,21,10,.677,12.16,5.07,,10,8,,15,3,,5,6,,2232,2012,,1250,775,1763,.440,204,620,.329,478,704,.679,324,1240,438,242,184,510,607
168,Mercer,32,17,15,.531,-3.13,-2.70,,11,7,,9,6,,8,6,,2294,2248,,1280,847,1885,.449,246,686,.359,354,490,.722,332,1172,461,211,83,463,601
169,Merrimack,31,20,11,.645,-6.93,-6.53,,14,4,,10,2,,9,8,,1948,1866,,1255,705,1682,.419,247,728,.339,291,427,.681,243,890,397,308,92,368,536
170,Miami (FL),31,15,16,.484,6.63,8.66,,7,13,,9,5,,4,8,,2207,2270,,1270,796,1855,.429,219,690,.317,396,522,.759,292,1069,310,183,119,374,447
171,Miami (OH),32,13,19,.406,-4.17,-0.57,,5,13,,10,6,,2,11,,2269,2275,,1280,814,1920,.424,268,791,.339,373,513,.727,304,1130,383,164,75,363,584
172,Michigan,31,19,12,.613,17.94,11.17,,10,10,,11,5,,4,7,,2326,2116,,1255,861,1864,.462,247,729,.339,357,498,.717,267,1119,454,169,140,332,470
173,Michigan State,31,22,9,.710,21.92,10.76,,14,6,,12,3,,7,4,,2353,2007,,1240,845,1833,.461,239,687,.348,424,565,.750,344,1258,549,159,156,389,523
174,Middle Tennessee,31,8,23,.258,-8.41,0.84,,4,14,,5,10,,3,10,,2193,2332,,1250,776,1850,.419,255,763,.334,386,576,.670,332,1083,406,211,91,435,620
175,Milwaukee,31,12,19,.387,-7.22,-3.91,,7,11,,7,8,,4,9,,2216,2252,,1265,788,1908,.413,241,754,.320,399,563,.709,353,1115,387,182,95,417,668
176,Minnesota,31,15,16,.484,16.39,11.55,,8,12,,11,5,,2,10,,2205,2055,,1250,796,1871,.425,257,762,.337,356,515,.691,360,1217,466,147,144,351,515
177,Mississippi,32,15,17,.469,7.37,6.90,,6,12,,12,5,,1,10,,2208,2193,,1290,769,1780,.432,192,600,.320,478,655,.730,288,1080,413,229,91,420,621
178,Mississippi State,31,20,11,.645,12.21,6.96,,11,7,,14,2,,4,7,,2275,2112,,1240,802,1713,.468,161,479,.336,510,676,.754,371,1160,415,174,158,431,542
179,Mississippi Valley State,30,3,27,.100,-29.08,-7.68,,3,15,,1,8,,2,19,,2048,2690,,1205,750,2032,.369,246,837,.294,302,466,.648,313,1049,313,218,87,433,586
180,Missouri,31,15,16,.484,8.51,6.54,,7,11,,12,4,,2,10,,2081,2020,,1250,700,1707,.410,205,690,.297,476,610,.780,337,1091,352,209,99,437,656
181,Missouri State,33,16,17,.485,3.50,0.71,,9,9,,11,4,,3,10,,2330,2238,,1325,843,1923,.438,230,650,.354,414,553,.749,359,1226,391,211,86,448,599
182,Monmouth,31,18,13,.581,-4.51,-5.19,,12,8,,11,2,,6,10,,2209,2188,,1245,755,1842,.410,227,680,.334,472,655,.721,301,1058,399,248,86,397,621
183,Montana,31,18,13,.581,0.59,-1.52,,14,6,,12,3,,6,10,,2195,2122,,1255,841,1777,.473,174,486,.358,339,469,.723,195,970,387,195,101,370,628
184,Montana State,31,16,15,.516,-5.01,-2.29,,10,10,,9,5,,5,10,,2066,2076,,1240,721,1622,.445,175,532,.329,449,606,.741,225,1076,351,170,72,433,543
185,Morehead State,32,13,19,.406,-10.96,-6.42,,7,11,,11,4,,2,14,,2208,2240,,1295,826,1902,.434,184,639,.288,372,583,.638,342,1187,430,190,141,400,512
186,Morgan State,31,15,16,.484,-12.82,-9.18,,9,7,,8,6,,7,7,,2182,2197,,1255,766,1807,.424,158,563,.281,492,709,.694,406,1222,365,175,132,511,698
187,Mount St. Mary's,32,11,21,.344,-9.56,-6.47,,7,11,,8,6,,3,15,,2053,2132,,1295,715,1772,.403,209,678,.308,414,597,.693,344,1120,357,158,105,375,530
188,Murray State,32,23,9,.719,1.99,-6.08,,15,3,,15,0,,6,6,,2413,2070,,1290,852,1789,.476,210,569,.369,499,704,.709,306,1217,461,181,125,440,565
189,Navy,30,14,16,.467,-7.36,-5.74,,8,10,,10,5,,4,11,,1908,1924,,1220,673,1647,.409,194,644,.301,368,532,.692,357,1082,333,151,51,360,476
190,NC State,32,20,12,.625,12.05,7.14,,10,10,,14,4,,5,7,,2388,2231,,1285,885,1958,.452,222,697,.319,396,558,.710,333,1142,434,245,145,383,580
191,Nebraska,32,7,25,.219,2.41,10.66,,2,18,,5,11,,0,12,,2235,2499,,1305,815,2011,.405,253,796,.318,352,584,.603,293,1134,442,223,79,380,485
192,Nevada,31,19,12,.613,8.91,4.14,,12,6,,12,3,,4,7,,2391,2243,,1245,840,1879,.447,309,806,.383,400,531,.753,272,1188,462,159,109,372,608
193,Nevada-Las Vegas,32,17,15,.531,6.79,4.76,,12,6,,12,6,,5,7,,2307,2242,,1315,812,1876,.433,241,755,.319,442,639,.692,396,1255,404,199,88,427,657
194,New Hampshire,30,15,15,.500,-7.60,-6.28,,8,8,,10,3,,5,12,,2071,1990,,1215,750,1838,.408,255,769,.332,316,470,.672,343,1236,397,144,64,390,548
195,New Mexico,33,19,14,.576,3.47,2.63,,7,11,,15,3,,2,9,,2531,2483,,1320,892,1913,.466,230,704,.327,517,718,.720,312,1159,494,267,95,475,514
196,New Mexico State,31,25,6,.806,4.11,-4.24,,16,0,,13,1,,9,3,,2214,1852,,1245,774,1700,.455,283,798,.355,383,534,.717,343,1091,447,191,55,406,491
197,New Orleans,30,9,21,.300,-14.08,-4.73,,5,15,,6,8,,3,13,,2262,2323,,1200,800,1731,.462,155,459,.338,507,681,.744,285,932,446,232,62,418,577
198,Niagara,32,12,20,.375,-11.02,-4.33,,9,11,,9,3,,2,17,,2102,2316,,1290,766,1785,.429,243,653,.372,327,435,.752,190,883,381,222,71,338,509
199,Nicholls State,31,21,10,.677,-3.87,-6.02,,15,5,,13,1,,7,8,,2388,2144,,1250,881,1985,.444,249,739,.337,377,504,.748,351,1077,408,309,115,419,595
200,NJIT,30,9,21,.300,-10.14,-4.83,,6,10,,5,7,,4,14,,1904,2030,,1200,688,1709,.403,172,569,.302,356,523,.681,274,994,318,170,89,327,506
201,Norfolk State,31,16,15,.516,-7.76,-9.39,,12,4,,11,2,,4,12,,2186,2012,,1245,754,1820,.414,243,752,.323,435,611,.712,356,1151,406,244,73,436,605
202,North Alabama,30,13,17,.433,-9.00,-5.82,,8,8,,9,4,,4,13,,2062,2092,,1205,709,1666,.426,208,612,.340,436,633,.689,301,1074,331,195,71,444,590
203,North Carolina,33,14,19,.424,9.45,10.05,,6,14,,7,8,,3,9,,2383,2403,,1340,865,2058,.420,181,595,.304,470,689,.682,455,1382,472,183,116,426,550
204,North Carolina A&T,32,17,15,.531,-9.66,-7.86,,12,4,,11,1,,4,12,,2311,2305,,1290,826,1920,.430,181,612,.296,478,785,.609,364,1236,471,260,117,490,668
205,North Carolina Central,31,18,13,.581,-10.04,-8.86,,13,3,,12,0,,5,13,,2162,2045,,1260,797,1734,.460,182,605,.301,386,591,.653,301,1064,420,260,93,472,588
206,North Dakota,33,15,18,.455,-6.24,-1.38,,7,9,,8,3,,4,13,,2470,2467,,1330,855,1874,.456,259,762,.340,501,658,.761,284,1172,424,150,75,439,577
207,North Dakota State,33,25,8,.758,2.19,-3.94,,13,3,,13,1,,8,6,,2467,2183,,1325,837,1878,.446,303,852,.356,490,614,.798,254,1173,393,153,75,330,512
208,North Florida,33,21,12,.636,-0.57,-3.25,,13,3,,13,2,,7,9,,2583,2416,,1320,889,1975,.450,391,1031,.379,414,543,.762,327,1138,517,164,125,390,530
209,North Texas,31,20,11,.645,7.32,1.66,,14,4,,13,3,,7,6,,2203,1962,,1245,786,1627,.483,253,667,.379,378,503,.751,266,998,390,195,88,421,530
210,Northeastern,33,17,16,.515,1.45,-3.28,,9,9,,7,6,,7,7,,2347,2191,,1325,856,1808,.473,269,726,.371,366,463,.790,240,1019,439,251,57,391,553
211,Northern Arizona,30,16,14,.533,-4.65,-2.40,,10,10,,9,5,,6,8,,2128,2081,,1205,770,1729,.445,216,600,.360,372,531,.701,285,1021,396,195,62,346,480
212,Northern Colorado,31,22,9,.710,5.72,-2.80,,15,5,,11,3,,9,5,,2303,1945,,1250,837,1790,.468,317,826,.384,312,468,.667,261,1055,416,157,73,314,472
213,Northern Illinois,31,18,13,.581,-1.33,-2.16,,11,7,,11,4,,7,9,,2071,1998,,1245,751,1814,.414,226,661,.342,343,509,.674,361,1195,311,174,85,366,548
214,Northern Iowa,31,25,6,.806,9.83,1.45,,14,4,,16,0,,8,4,,2330,2006,,1255,844,1776,.475,287,737,.389,355,468,.759,294,1164,379,143,71,372,443
215,Northern Kentucky,32,23,9,.719,0.28,-4.65,,13,5,,11,4,,10,5,,2317,2089,,1290,810,1872,.433,259,848,.305,438,636,.689,359,1172,435,259,66,399,574
216,Northwestern,31,8,23,.258,5.35,10.51,,3,17,,5,11,,2,10,,2012,2172,,1250,743,1785,.416,189,605,.312,337,461,.731,240,1046,424,123,101,325,517
217,Northwestern State,30,15,15,.500,-10.00,-7.07,,11,9,,9,5,,5,10,,2265,2270,,1205,797,1802,.442,234,658,.356,437,596,.733,335,1167,386,175,132,493,588
218,Notre Dame,32,20,12,.625,11.21,5.62,,10,10,,15,4,,4,7,,2376,2197,,1290,850,1993,.426,310,899,.345,366,498,.735,322,1209,528,189,118,315,397
219,Oakland,33,14,19,.424,-5.92,-3.10,,8,10,,8,5,,4,12,,2239,2301,,1340,780,1822,.428,204,690,.296,475,689,.689,339,1195,448,192,99,453,524
220,Ohio,32,17,15,.531,0.74,0.17,,8,10,,12,5,,4,8,,2286,2192,,1280,822,1837,.447,272,781,.348,370,537,.689,299,1134,471,205,73,406,532
221,Ohio State,31,21,10,.677,19.37,10.24,,11,9,,15,2,,4,7,,2234,1951,,1240,753,1690,.446,261,700,.373,467,621,.752,308,1140,412,156,107,394,531
222,Oklahoma,31,19,12,.613,13.48,10.64,,9,9,,12,3,,4,8,,2177,2089,,1240,760,1808,.420,224,704,.318,433,565,.766,259,1143,365,190,135,345,415
223,Oklahoma State,32,18,14,.563,12.01,10.51,,7,11,,10,6,,5,7,,2163,2115,,1280,757,1783,.425,189,600,.315,460,627,.734,324,1141,379,218,121,426,572
224,Old Dominion,32,13,19,.406,0.02,0.06,,9,9,,10,4,,3,11,,2098,2099,,1290,768,1898,.405,184,629,.293,378,546,.692,374,1255,340,217,89,393,545
225,Omaha,32,16,16,.500,-5.09,-0.96,,9,7,,12,2,,4,12,,2352,2461,,1300,886,1973,.449,200,592,.338,380,534,.712,315,1159,393,166,105,391,532
226,Oral Roberts,31,17,14,.548,2.16,-1.58,,9,7,,13,1,,3,12,,2485,2265,,1250,898,2004,.448,253,758,.334,436,582,.749,364,1175,406,197,79,320,521
227,Oregon,31,24,7,.774,18.22,9.09,,13,5,,17,0,,5,5,,2352,2069,,1275,857,1825,.470,269,680,.396,369,527,.700,336,1094,446,241,102,368,538
228,Oregon State,31,18,13,.581,9.70,6.15,,7,11,,12,4,,3,8,,2207,2097,,1240,766,1667,.460,189,582,.325,486,647,.751,263,1009,455,192,151,357,497
229,Pacific,33,23,10,.697,3.81,0.19,,11,5,,15,3,,7,5,,2300,2128,,1355,843,1872,.450,180,530,.340,434,651,.667,360,1190,383,189,129,400,633
230,Penn State,31,21,10,.677,16.12,9.25,,11,9,,14,3,,5,6,,2327,2114,,1240,832,1931,.431,249,765,.325,414,598,.692,348,1200,443,233,150,348,543
231,Pennsylvania,27,16,11,.593,1.07,-0.36,,8,6,,8,3,,6,7,,1991,1906,,1085,741,1625,.456,240,724,.331,269,405,.664,218,979,403,159,90,340,397
232,Pepperdine,32,16,16,.500,2.82,3.60,,8,8,,9,5,,6,7,,2441,2466,,1305,840,1934,.434,255,726,.351,506,639,.792,311,1104,475,197,121,407,582
233,Pittsburgh,33,16,17,.485,6.80,7.32,,6,14,,11,7,,2,9,,2152,2169,,1325,755,1867,.404,175,592,.296,467,655,.713,396,1129,404,258,113,403,510
234,Portland,32,9,23,.281,-6.53,1.97,,1,15,,7,9,,2,9,,2126,2309,,1290,758,1769,.428,216,633,.341,394,582,.677,219,1020,421,179,114,446,546
235,Portland State,32,18,14,.563,-1.50,-2.43,,12,8,,11,3,,6,11,,2518,2412,,1280,927,2070,.448,208,626,.332,456,634,.719,451,1172,432,277,132,409,587
236,Prairie View,32,19,13,.594,-6.26,-8.36,,14,4,,12,0,,6,12,,2302,2186,,1290,813,1836,.443,151,493,.306,525,741,.709,305,1045,465,277,89,464,705
237,Presbyterian,32,10,22,.313,-15.06,-6.93,,7,11,,7,6,,3,14,,2155,2346,,1290,768,1707,.450,197,611,.322,422,592,.713,279,1072,392,188,55,462,594
238,Princeton,27,14,13,.519,-0.75,-1.48,,9,5,,7,6,,5,6,,1931,1866,,1085,695,1501,.463,235,659,.357,306,417,.734,217,869,363,173,59,340,424
239,Providence,31,19,12,.613,13.45,8.19,,12,6,,13,3,,5,6,,2214,2051,,1245,764,1852,.413,225,678,.332,461,664,.694,406,1172,445,257,102,417,581
240,Purdue,31,16,15,.516,16.30,10.76,,9,11,,11,5,,4,8,,2114,1942,,1270,780,1867,.418,223,675,.330,331,482,.687,394,1144,423,202,109,357,544
241,Purdue Fort Wayne,33,14,19,.424,-7.87,-3.20,,6,10,,10,5,,3,13,,2261,2320,,1320,830,1945,.427,274,867,.316,327,488,.670,340,1165,417,245,89,456,520
242,Quinnipiac,30,15,15,.500,-7.66,-6.53,,10,10,,9,5,,5,9,,2088,2122,,1200,707,1695,.417,310,869,.357,364,478,.762,277,1091,409,137,112,411,456
243,Radford,32,21,11,.656,-2.67,-5.71,,15,3,,11,4,,9,6,,2302,2115,,1285,841,1813,.464,251,707,.355,369,575,.642,340,1166,427,170,68,342,561
244,Rhode Island,30,21,9,.700,9.25,4.78,,13,5,,12,3,,8,5,,2200,2066,,1210,783,1851,.423,170,539,.315,464,686,.676,359,1162,378,252,116,355,519
245,Rice,32,15,17,.469,-3.09,-0.76,,7,11,,8,7,,5,8,,2363,2375,,1280,800,1851,.432,317,934,.339,446,619,.721,291,1139,454,190,67,427,524
246,Richmond,31,24,7,.774,11.31,2.76,,14,4,,14,2,,9,3,,2335,2070,,1250,847,1817,.466,249,688,.362,392,505,.776,234,1074,481,252,78,338,479
247,Rider,30,18,12,.600,-3.09,-5.49,,12,8,,11,1,,5,11,,2152,2080,,1200,755,1725,.438,184,574,.321,458,704,.651,328,1149,391,202,78,422,522
248,Robert Morris,34,20,14,.588,-4.73,-6.33,,13,5,,12,3,,7,11,,2373,2280,,1360,874,1968,.444,284,783,.363,341,508,.671,348,1141,562,218,68,433,566
249,Rutgers,31,20,11,.645,15.72,9.68,,11,9,,18,1,,2,8,,2168,1942,,1250,825,1847,.447,172,554,.310,346,537,.644,365,1245,394,203,142,379,520
250,Sacramento State,30,16,14,.533,-2.08,-2.76,,8,12,,10,4,,4,10,,1895,1791,,1200,685,1650,.415,151,469,.322,374,520,.719,335,1044,379,207,120,371,527
251,Sacred Heart,33,20,13,.606,-4.75,-7.40,,12,6,,9,4,,10,8,,2420,2291,,1320,843,1961,.430,251,768,.327,483,658,.734,435,1361,435,164,134,459,522
252,Saint Francis (PA),32,22,10,.688,-2.05,-6.50,,13,5,,13,2,,8,8,,2485,2298,,1285,899,1923,.467,204,567,.360,483,644,.750,353,1157,374,224,86,390,533
253,Saint Joseph's,32,6,26,.188,-5.54,4.93,,2,16,,4,10,,2,12,,2208,2543,,1285,761,1942,.392,287,966,.297,399,566,.705,327,1122,400,151,90,414,555
254,Saint Louis,31,23,8,.742,9.41,3.07,,12,6,,15,3,,6,4,,2223,2020,,1255,819,1804,.454,166,488,.340,419,723,.580,385,1232,450,232,130,396,569
255,Saint Mary's (CA),34,26,8,.765,12.27,5.24,,11,5,,14,3,,6,3,,2559,2276,,1400,922,1925,.479,276,697,.396,439,582,.754,260,1089,404,224,68,336,562
256,Saint Peter's,30,18,12,.600,-3.67,-5.90,,14,6,,11,3,,6,9,,1990,1923,,1205,674,1665,.405,185,541,.342,457,632,.723,376,1123,316,223,138,482,629
257,Sam Houston,31,18,13,.581,-5.17,-6.50,,11,9,,12,3,,6,10,,2417,2245,,1265,874,1937,.451,236,690,.342,433,584,.741,315,1060,491,287,91,443,642
258,Samford,33,10,23,.303,-13.13,-1.13,,4,14,,7,8,,3,14,,2448,2711,,1330,862,1996,.432,219,658,.333,505,679,.744,352,1208,391,232,110,513,534
259,San Diego,32,9,23,.281,-3.52,4.35,,2,14,,6,9,,3,10,,2101,2319,,1295,760,1843,.412,196,633,.310,385,572,.673,285,1062,387,186,107,464,581
260,San Diego State,32,30,2,.938,18.38,3.93,,17,1,,14,1,,11,0,,2395,1903,,1280,852,1820,.468,291,765,.380,400,519,.771,297,1121,473,221,88,344,534
261,San Francisco,34,22,12,.647,8.56,3.84,,9,7,,12,5,,7,6,,2546,2339,,1375,906,2050,.442,300,899,.334,434,603,.720,359,1234,410,239,106,412,600
262,San Jose State,31,7,24,.226,-7.55,5.15,,3,15,,6,10,,1,12,,2167,2523,,1245,728,1871,.389,257,861,.298,454,634,.716,302,1075,404,199,102,430,567
263,Santa Clara,33,20,13,.606,1.95,0.63,,6,10,,16,5,,3,7,,2498,2365,,1325,877,1898,.462,249,704,.354,495,667,.742,241,1128,507,226,110,443,668
264,Seattle,29,14,15,.483,-3.95,-3.91,,7,7,,9,4,,3,10,,2177,2110,,1185,731,1800,.406,209,679,.308,506,653,.775,301,1028,316,171,90,297,581
265,Seton Hall,30,21,9,.700,16.75,9.95,,13,5,,11,4,,8,4,,2241,2037,,1200,783,1754,.446,238,711,.335,437,611,.715,308,1113,437,210,174,398,557
266,Siena,30,20,10,.667,-1.13,-5.66,,15,5,,14,0,,5,10,,2167,2031,,1215,770,1679,.459,198,558,.355,429,609,.704,321,1096,401,160,92,389,495
267,South Alabama,31,20,11,.645,0.08,-1.03,,13,7,,11,5,,7,5,,2209,2092,,1245,782,1662,.471,166,502,.331,479,661,.725,259,1019,346,238,115,374,499
268,South Carolina,31,18,13,.581,10.27,6.43,,10,8,,12,5,,6,6,,2275,2156,,1245,832,1890,.440,174,561,.310,437,696,.628,370,1158,445,240,134,407,723
269,South Carolina State,29,11,18,.379,-16.01,-9.27,,6,10,,8,5,,3,12,,2037,2180,,1185,705,1618,.436,146,483,.302,481,643,.748,301,1025,328,132,53,418,541
270,South Carolina Upstate,33,13,20,.394,-13.58,-6.06,,7,11,,9,6,,4,13,,2286,2460,,1320,811,1911,.424,224,697,.321,440,641,.686,318,1088,415,195,80,410,627
271,South Dakota,32,20,12,.625,-1.74,-3.84,,10,6,,13,2,,5,8,,2547,2374,,1280,889,1805,.493,233,596,.391,536,710,.755,200,1045,444,146,86,339,561
272,South Dakota State,32,22,10,.688,2.29,-4.24,,13,3,,16,0,,6,9,,2493,2256,,1295,914,1861,.491,235,677,.347,430,608,.707,302,1224,456,160,106,415,533
273,South Florida,31,14,17,.452,5.15,5.18,,7,11,,10,7,,3,6,,1943,1944,,1250,672,1654,.406,196,635,.309,403,620,.650,352,1051,315,234,63,454,544
274,Southeast Missouri State,31,7,24,.226,-14.57,-5.29,,3,15,,6,7,,0,16,,2054,2307,,1245,720,1727,.417,191,596,.320,423,612,.691,286,1027,353,161,64,414,577
275,Southeastern Louisiana,31,8,23,.258,-16.11,-5.72,,5,15,,6,8,,2,14,,2157,2429,,1255,779,1873,.416,198,669,.296,401,594,.675,337,1000,385,248,59,514,654
276,Southern,32,17,15,.531,-9.36,-9.49,,13,5,,11,1,,5,14,,2234,2147,,1290,816,1854,.440,171,548,.312,431,635,.679,350,1114,425,222,79,445,698
277,Southern California,31,22,9,.710,11.51,7.22,,11,7,,14,2,,5,6,,2179,2046,,1255,781,1780,.439,200,571,.350,417,630,.662,333,1194,430,207,152,448,519
278,Southern Illinois,32,16,16,.500,-0.18,0.37,,10,8,,12,3,,3,10,,2002,1991,,1285,693,1623,.427,226,668,.338,390,536,.728,208,955,369,208,65,397,469
279,SIU Edwardsville,31,8,23,.258,-14.16,-5.71,,5,13,,4,10,,4,13,,2073,2261,,1240,769,1801,.427,176,562,.313,359,526,.683,305,1063,428,177,91,436,607
280,Southern Methodist,30,19,11,.633,7.97,3.50,,9,9,,15,2,,4,9,,2188,2054,,1225,770,1706,.451,236,730,.323,412,541,.762,344,1099,467,175,96,400,491
281,Southern Mississippi,31,9,22,.290,-6.65,2.35,,5,13,,8,7,,1,12,,2047,2242,,1250,783,1766,.443,163,529,.308,318,442,.719,293,1105,444,180,78,464,490
282,Southern Utah,32,17,15,.531,0.10,-2.47,,9,11,,9,5,,6,10,,2329,2122,,1300,834,1843,.453,195,589,.331,466,651,.716,292,1183,383,216,132,432,620
283,St. Bonaventure,31,19,12,.613,3.12,1.62,,11,7,,9,5,,7,7,,2143,2073,,1250,787,1805,.436,210,611,.344,359,488,.736,331,1132,427,171,104,364,532
284,St. Francis (NY),31,13,18,.419,-11.30,-7.44,,7,11,,9,5,,4,13,,2168,2220,,1245,798,1903,.419,197,664,.297,373,511,.730,328,1124,372,199,140,397,586
285,St. John's (NY),32,17,15,.531,10.71,7.68,,5,13,,13,6,,1,8,,2387,2290,,1280,865,2114,.409,212,661,.321,445,633,.703,397,1228,470,320,127,359,602
286,Stanford,32,20,12,.625,13.35,6.38,,9,9,,14,4,,4,6,,2223,2000,,1290,810,1726,.469,227,608,.373,376,535,.703,220,1041,414,218,119,459,521
287,Stephen F. Austin,31,28,3,.903,4.04,-6.89,,19,1,,16,1,,12,2,,2499,2077,,1245,887,1806,.491,179,494,.362,546,790,.691,406,1160,464,324,101,550,649
288,Stetson,33,16,17,.485,-9.63,-5.30,,9,7,,8,7,,7,9,,2103,2167,,1325,747,1678,.445,180,545,.330,429,644,.666,313,1116,323,209,79,452,517
289,Stony Brook,33,20,13,.606,-2.41,-4.41,,10,6,,10,5,,8,8,,2283,2172,,1330,777,1909,.407,274,822,.333,455,628,.725,350,1265,368,221,152,480,544
290,Syracuse,32,18,14,.563,12.32,7.26,,10,10,,11,7,,6,5,,2378,2216,,1290,813,1865,.436,259,785,.330,493,666,.740,336,1145,447,237,143,363,522
291,TCU,32,16,16,.500,9.86,10.09,,7,11,,14,5,,1,9,,2093,2079,,1295,758,1798,.422,274,779,.352,303,476,.637,359,1118,468,220,156,455,525
292,Temple,31,14,17,.452,6.59,6.17,,6,12,,8,7,,4,8,,2117,2104,,1255,744,1843,.404,208,645,.322,421,613,.687,303,1166,429,239,94,400,549
293,Tennessee,31,17,14,.548,11.18,8.30,,9,9,,11,6,,4,7,,2079,1990,,1240,715,1656,.432,187,598,.313,462,617,.749,311,1069,448,186,174,423,563
294,Tennessee State,33,18,15,.545,-6.70,-5.45,,9,9,,11,3,,4,11,,2355,2345,,1330,862,1836,.469,240,686,.350,386,585,.660,343,1245,447,175,136,573,670
295,Tennessee Tech,31,9,22,.290,-13.64,-4.67,,6,12,,6,8,,3,12,,2033,2241,,1250,754,1826,.413,257,776,.331,268,397,.675,327,1072,431,213,93,463,460
296,Tennessee-Martin,29,9,20,.310,-14.15,-4.30,,5,13,,6,6,,2,12,,2194,2382,,1165,781,1718,.455,218,646,.337,414,550,.753,311,954,353,147,80,374,464
297,Texas,31,19,12,.613,10.47,9.60,,9,9,,11,6,,6,5,,1989,1962,,1240,740,1730,.428,248,742,.334,261,381,.685,278,986,359,171,134,420,568
298,Texas A&M,30,16,14,.533,4.93,6.96,,10,8,,11,6,,5,4,,1894,1955,,1205,634,1570,.404,189,643,.294,437,645,.678,322,1019,333,193,86,422,463
299,Texas A&M-Corpus Christi,32,14,18,.438,-10.80,-6.63,,10,10,,10,6,,4,11,,2112,2199,,1280,740,1668,.444,245,653,.375,387,547,.707,304,1092,405,187,98,561,614
300,Texas Southern,32,16,16,.500,-10.37,-6.05,,12,6,,11,1,,5,15,,2335,2431,,1295,806,1927,.418,168,552,.304,555,786,.706,381,1209,360,205,94,504,610
301,Texas State,32,21,11,.656,5.42,-0.28,,13,7,,15,3,,6,8,,2339,2058,,1295,840,1835,.458,166,510,.325,493,652,.756,319,1102,455,203,95,357,597
302,Texas Tech,31,18,13,.581,16.83,8.41,,9,9,,13,4,,3,7,,2230,1969,,1260,779,1724,.452,224,631,.355,448,594,.754,279,1033,476,239,124,423,545
303,Texas-Rio Grande Valley,30,14,16,.467,-7.05,-3.70,,9,7,,11,3,,3,11,,2189,2143,,1215,779,1789,.435,191,557,.343,440,614,.717,314,992,451,251,111,376,595
304,The Citadel,30,6,24,.200,-13.82,-1.00,,0,18,,3,11,,3,12,,2244,2433,,1215,789,1820,.434,280,853,.328,386,559,.691,247,1022,432,202,88,456,514
305,Toledo,32,17,15,.531,1.20,-1.47,,8,10,,10,6,,7,9,,2386,2244,,1285,802,1843,.435,283,774,.366,499,669,.746,321,1211,464,180,108,390,511
306,Towson,32,19,13,.594,0.09,-1.51,,12,6,,9,5,,8,4,,2258,2125,,1290,790,1824,.433,210,610,.344,468,607,.771,363,1189,364,180,101,380,583
307,Troy,31,9,22,.290,-9.01,-1.32,,5,15,,6,9,,3,13,,2131,2276,,1250,750,1878,.399,261,821,.318,370,549,.674,369,1133,430,178,83,441,584
308,Tulane,30,12,18,.400,0.94,3.54,,4,14,,7,7,,3,7,,2050,2128,,1210,702,1709,.411,230,689,.334,416,584,.712,245,928,337,254,76,355,470
309,Tulsa,31,21,10,.677,7.92,3.59,,13,5,,15,2,,6,7,,2103,1969,,1260,728,1653,.440,182,566,.322,465,657,.708,268,1069,391,234,70,417,469
310,UAB,32,19,13,.594,-0.94,-1.64,,9,9,,11,6,,5,7,,2154,2088,,1280,780,1719,.454,169,515,.328,425,604,.704,328,1186,337,191,93,471,527
311,UC Davis,32,14,18,.438,-4.70,-2.63,,8,8,,8,4,,5,12,,2330,2286,,1290,816,1769,.461,259,653,.397,439,558,.787,234,982,409,185,57,408,593
312,UC Irvine,32,21,11,.656,3.73,-2.18,,13,3,,11,2,,8,8,,2367,2087,,1280,888,1878,.473,198,559,.354,393,532,.739,366,1264,475,206,119,443,588
313,UC Riverside,32,17,15,.531,-3.63,-4.18,,7,9,,11,5,,6,10,,2059,1939,,1285,744,1707,.436,254,722,.352,317,460,.689,280,1145,394,159,86,421,559
314,UC Santa Barbara,31,21,10,.677,-0.57,-4.06,,10,6,,13,3,,8,7,,2195,2054,,1245,765,1672,.458,200,585,.342,465,615,.756,318,1061,430,147,78,366,521
315,UCF,30,16,14,.533,5.13,4.13,,7,11,,10,6,,4,7,,2067,2037,,1210,739,1713,.431,213,659,.323,376,529,.711,301,1039,404,195,87,414,498
316,UCLA,31,19,12,.613,9.83,8.23,,12,6,,13,4,,5,5,,2153,2079,,1250,751,1732,.434,186,576,.323,465,648,.718,370,1136,401,208,105,409,571
317,UNC Asheville,31,15,16,.484,-10.31,-8.31,,8,10,,10,5,,5,10,,2326,2318,,1245,837,1824,.459,243,702,.346,409,620,.660,264,937,336,255,73,354,604
318,UNC Greensboro,32,23,9,.719,5.92,-1.48,,13,5,,14,4,,9,4,,2372,2020,,1295,879,2031,.433,279,857,.326,335,531,.631,415,1182,404,298,136,372,584
319,UNC Wilmington,32,10,22,.313,-9.31,-0.90,,5,13,,8,8,,1,12,,2186,2294,,1290,783,1816,.431,208,610,.341,412,581,.709,270,1088,385,200,96,417,559
320,UT Arlington,32,14,18,.438,2.76,2.13,,10,10,,8,8,,6,9,,2259,2189,,1295,800,1926,.415,250,807,.310,409,547,.748,322,1183,478,186,90,358,569
321,Utah,31,16,15,.516,8.47,7.86,,7,11,,12,2,,1,10,,2199,2180,,1260,767,1709,.449,219,655,.334,446,611,.730,295,1106,433,170,86,419,479
322,Utah State,34,26,8,.765,13.66,4.04,,12,6,,15,1,,4,6,,2600,2179,,1375,905,1967,.460,248,745,.333,542,710,.763,366,1385,561,209,109,426,532
323,Utah Valley,30,11,19,.367,-7.47,-4.18,,5,10,,6,7,,5,12,,2105,2131,,1210,748,1696,.441,192,635,.302,417,585,.713,253,1057,412,173,157,427,534
324,UTEP,32,17,15,.531,-1.00,-0.45,,8,10,,13,4,,3,9,,2157,2116,,1285,747,1765,.423,212,705,.301,451,602,.749,267,1116,404,194,102,438,561
325,UTSA,32,13,19,.406,-3.18,0.41,,7,11,,10,5,,3,9,,2461,2465,,1300,866,2076,.417,308,881,.350,421,552,.763,352,1248,398,189,86,413,644
326,Valparaiso,35,19,16,.543,1.44,1.17,,9,9,,11,2,,4,10,,2530,2494,,1420,922,2088,.442,287,843,.340,399,559,.714,329,1196,533,269,116,446,601
327,Vanderbilt,32,11,21,.344,3.16,6.41,,3,15,,10,10,,1,9,,2295,2399,,1290,760,1776,.428,262,786,.333,513,736,.697,288,1035,365,226,104,418,614
328,Vermont,33,26,7,.788,6.07,-4.84,,14,2,,13,3,,12,3,,2361,1963,,1320,841,1876,.448,267,816,.327,412,574,.718,313,1212,456,194,111,371,534
329,Villanova,31,24,7,.774,16.84,10.03,,13,5,,12,3,,9,3,,2269,2058,,1245,797,1806,.441,307,854,.359,368,485,.759,271,1112,449,175,81,335,471
330,Virginia,30,23,7,.767,12.16,7.50,,15,5,,14,3,,7,4,,1711,1571,,1215,626,1515,.413,170,560,.304,289,403,.717,243,1025,343,161,147,368,397
331,Virginia Commonwealth,31,18,13,.581,9.66,4.08,,8,10,,14,4,,4,7,,2193,2020,,1245,775,1792,.432,231,667,.346,412,592,.696,306,1039,409,278,134,384,569
332,VMI,33,9,24,.273,-6.92,-2.72,,3,15,,5,10,,2,12,,2380,2346,,1340,852,1991,.428,359,1012,.355,317,448,.708,334,1180,528,222,83,418,591
333,Virginia Tech,32,16,16,.500,8.22,6.16,,7,13,,12,6,,3,7,,2194,2128,,1310,787,1877,.419,315,896,.352,305,429,.711,240,1086,468,193,95,317,472
334,Wagner,29,8,21,.276,-14.79,-5.57,,5,13,,5,8,,3,13,,1982,2210,,1175,706,1710,.413,204,644,.317,366,504,.726,312,983,374,174,68,398,604
335,Wake Forest,31,13,18,.419,6.69,8.14,,6,14,,9,5,,1,11,,2276,2321,,1260,765,1769,.432,204,582,.351,542,726,.747,315,1170,395,151,87,440,592
336,Washington,32,15,17,.469,12.41,8.25,,5,13,,10,7,,3,7,,2259,2126,,1290,778,1763,.441,220,677,.325,483,669,.722,282,1128,399,236,192,481,555
337,Washington State,32,16,16,.500,5.13,4.94,,6,12,,11,5,,2,9,,2235,2229,,1290,776,1952,.398,237,768,.309,446,600,.743,344,1165,370,218,85,394,562
338,Weber State,32,12,20,.375,-8.32,-0.66,,8,12,,8,6,,4,9,,2225,2280,,1290,821,1814,.453,213,661,.322,370,510,.725,232,1023,347,164,125,378,453
339,West Virginia,31,21,10,.677,18.51,10.64,,9,9,,14,2,,4,8,,2179,1935,,1245,774,1833,.422,155,542,.286,476,742,.642,470,1254,383,238,111,447,572
340,Western Carolina,31,19,12,.613,-0.10,-1.55,,10,8,,10,4,,8,7,,2444,2317,,1250,837,1790,.468,302,818,.369,468,659,.710,302,1165,449,165,56,445,532
341,Western Illinois,26,5,21,.192,-14.28,-3.03,,2,14,,4,10,,1,11,,1934,2126,,1050,710,1667,.426,226,612,.369,288,368,.783,216,882,267,129,57,290,467
342,Western Kentucky,30,20,10,.667,4.20,0.96,,13,5,,12,2,,6,6,,2297,2160,,1225,779,1703,.457,212,627,.338,527,668,.789,252,1013,334,201,119,370,413
343,Western Michigan,32,13,19,.406,-5.42,-0.25,,6,12,,10,5,,3,12,,2220,2306,,1295,767,1791,.428,228,676,.337,458,641,.715,276,1120,356,152,73,416,573
344,Wichita State,31,23,8,.742,13.66,5.60,,11,7,,17,2,,5,5,,2227,1977,,1250,769,1891,.407,244,744,.328,445,638,.697,374,1218,437,219,115,396,577
345,William & Mary,32,21,11,.656,-2.46,-3.10,,13,5,,11,2,,10,7,,2288,2208,,1280,822,1770,.464,239,690,.346,405,544,.744,265,1152,435,138,128,403,500
346,Winthrop,34,24,10,.706,1.16,-6.53,,15,3,,11,4,,10,6,,2765,2431,,1375,980,2120,.462,322,931,.346,483,760,.636,450,1388,542,225,84,471,683
347,Wisconsin,31,21,10,.677,15.95,10.95,,14,6,,15,1,,6,6,,2082,1927,,1245,730,1718,.425,269,764,.352,353,462,.764,251,1051,373,138,114,309,476
348,Wofford,35,19,16,.543,0.17,-1.50,,8,10,,10,5,,6,10,,2523,2399,,1415,909,1969,.462,336,948,.354,369,518,.712,272,1094,467,198,91,424,593
349,Wright State,32,25,7,.781,2.46,-6.21,,15,3,,14,2,,9,3,,2580,2264,,1295,917,2010,.456,247,684,.361,499,741,.673,388,1279,443,209,113,396,516
350,Wyoming,33,9,24,.273,-3.05,4.82,,2,16,,4,13,,3,8,,2070,2308,,1335,712,1739,.409,260,809,.321,386,531,.727,161,972,374,175,66,418,626
351,Xavier,32,19,13,.594,12.57,9.47,,8,10,,12,5,,5,6,,2261,2162,,1305,833,1912,.436,207,664,.312,388,590,.658,380,1241,460,201,114,446,535
352,Yale,30,23,7,.767,6.63,-1.51,,11,3,,10,1,,11,6,,2289,1954,,1240,809,1726,.469,265,714,.371,406,570,.712,273,1166,464,188,101,389,449
353,Youngstown State,33,18,15,.545,-5.56,-4.79,,10,8,,13,4,,5,11,,2401,2351,,1335,870,2055,.423,236,765,.308,425,616,.690,451,1286,413,188,85,397,579